0100,0100,0100,公安行政管理
0101,0101,0101,治安管理（治安）
0102,0102,0102,消防管理（消防）
0103,0103,0103,道路交通管理（道路）
0190,0190,0190,其他（公安）
0200,0200,0200,资源行政管理
0201,0201,0201,土地行政管理（土地）
0202,0202,0202,林业行政管理（林业）
0203,0203,0203,草原行政管理（草原）
0204,0204,0204,地质矿产行政管理（地矿）
0205,0205,0205,能源行政管理（能源管理）
0290,0290,0290,其他（资源）
0300,0300,0300,城乡建设行政管理
0301,0301,0301,城市规划管理（规划）
0302,0302,0302,房屋拆迁管理（拆迁）
0303,0303,0303,房屋登记管理（房屋登记）
0390,0390,0390,其他（城建）
0400,0400,0400,计划生育行政管理（计划生育）
0500,0500,0500,工商行政管理（工商）
0600,0600,0600,商标行政管理（商标）
0700,0700,0700,质量监督检验检疫行政管理
0701,0701,0701,质量监督行政管理（质量监督）
0702,0702,0702,质量检验行政管理（质量检验）
0703,0703,0703,检疫行政管理（检疫）
0790,0790,0790,其他（质量监督）
0800,0800,0800,卫生行政管理（卫生）
0900,0900,0900,食品药品安全行政管理（食品、药品）
1000,1000,1000,农业行政管理（农业）
1001,1001,1001,渔业行政管理（渔业）
1002,1002,1002,畜牧行政管理（畜牧）
1090,1090,1090,其他（农业）
1100,1100,1100,物价行政管理（物价）
1200,1200,1200,环境保护行政管理（环保）
1300,1300,1300,交通运输行政管理（交通）
1301,1301,1301,公路交通行政管理（公路）
1302,1302,1302,铁路行政管理（铁路）
1303,1303,1303,航空行政管理（航空）
1390,1390,1390,其他（交通）
1400,1400,1400,信息电讯行政管理（信息、电讯）
1500,1500,1500,邮政行政管理（邮政）
1600,1600,1600,专利行政管理（专利）
1700,1700,1700,新闻出版行政管理（新闻、出版）
1800,1800,1800,税务行政管理（税务）
1900,1900,1900,金融行政管理（金融）
2000,2000,2000,外汇行政管理（外汇）
2100,2100,2100,海关行政管理（海关）
2200,2200,2200,财政行政管理（财政）
2300,2300,2300,劳动和社会保障行政管理（劳动、社会保障）
2400,2400,2400,审计行政管理（审计）
2500,2500,2500,经贸行政管理（内贸、外贸）
2600,2600,2600,水利行政管理（水利）
2700,2700,2700,旅游行政管理（旅游）
2800,2800,2800,烟草专卖行政管理（烟草专卖）
2900,2900,2900,司法行政管理（司法行政）
3000,3000,3000,民政行政管理（民政）
3100,3100,3100,教育行政管理（教育）
3200,3200,3200,文化行政管理（文化）
3300,3300,3300,广播电视电影行政管理（广电）
3400,3400,3400,统计行政管理（统计）
3500,3500,3500,电力行政管理（电力）
3600,3600,3600,国有资产行政管理（国资）
3700,3700,3700,外资行政管理（外资管理）
3800,3800,3800,盐业行政管理（盐业）
3900,3900,3900,体育行政管理（体育）
4000,4000,4000,行政监察（监察）
4100,4100,4100,乡政府
9000,9000,9000,其他行政管理
1,1,1,行政处罚
2,2,2,行政强制
3,3,3,行政裁决
4,4,4,行政确认
5,5,5,行政登记
6,6,6,行政许可
7,7,7,行政批准
8,8,8,行政命令
9,9,9,行政复议
10,10,10,行政撤销
11,11,11,行政检查
12,12,12,行政合同
13,13,13,行政奖励
14,14,14,行政补偿
15,15,15,行政执行
16,16,16,行政受理
17,17,17,行政给付
18,18,18,行政征用
19,19,19,行政征购
20,20,20,行政征收
21,21,21,行政划拔
22,22,22,行政规划
23,23,23,行政救助
24,24,24,行政协助
25,25,25,行政允诺
26,26,26,行政监督
255,255,255,其他行政行为