1,0,001,刑事案由或罪名
2,1,001001,危害国家安全罪
3,2,001001001,背叛国家罪
4,2,001001002,分裂国家罪
5,2,001001003,煽动分裂国家罪
6,2,001001004,武装叛乱、暴乱罪
7,2,001001005,颠覆国家政权罪
8,2,001001006,煽动颠覆国家政权罪
9,2,001001007,资助危害国家安全犯罪活动罪
10,2,001001008,投敌叛变罪
11,2,001001009,叛逃罪
12,2,001001010,间谍罪
13,2,001001011,为境外窃取、刺探、收买、非法提供国家秘密、情报罪
14,2,001001012,资敌罪
15,1,001002,危害公共安全罪
16,15,001002001,放火罪
17,15,001002002,决水罪
18,15,001002003,爆炸罪
19,15,001002004,投毒罪
20,15,001002005,以危险方法危害公共安全罪
21,15,001002006,失火罪
22,15,001002007,过失决水罪
23,15,001002008,过失爆炸罪
24,15,001002009,过失投毒罪
25,15,001002010,过失以危险方法危害公共安全罪
26,15,001002011,破坏交通工具罪
27,15,001002012,破坏交通设施罪
28,15,001002013,破坏电力设备罪
29,15,001002014,破坏易燃易爆设备罪
30,15,001002015,过失损坏交通工具罪
31,15,001002016,过失损坏交通设施罪
32,15,001002017,过失损坏电力设备罪
33,15,001002018,过失损坏易燃易爆设备罪
34,15,001002019,组织、领导、参加恐怖组织罪
35,15,001002020,劫持航空器罪
36,15,001002021,劫持船只、汽车罪
37,15,001002022,暴力危及飞行安全罪
38,15,001002023,破坏广播电视设施、公用电信设施罪
39,15,001002024,过失损坏广播电视设施、公用电信设施罪
40,15,001002025,非法制造、买卖、运输、邮寄、储存枪支、弹药、爆炸物罪
41,15,001002026,非法买卖、运输核材料罪
42,15,001002027,违规制造、销售枪支罪
43,15,001002028,盗窃、抢夺枪支、弹药、爆炸物罪
44,15,001002029,抢劫枪支、弹药、爆炸物罪
45,15,001002030,非法持有、私藏枪支、弹药罪
46,15,001002031,非法出租、出借枪支罪
47,15,001002032,丢失枪支不报罪
48,15,001002033,非法携带枪支、弹药、管制刀具、危险物品危及公共安全罪
49,15,001002034,重大飞行事故罪
50,15,001002035,铁路运营安全事故罪
51,15,001002036,交通肇事罪
52,15,001002037,重大责任事故罪
53,15,001002038,重大劳动安全事故罪
54,15,001002039,危险物品肇事罪
55,15,001002040,工程重大安全事故罪
56,15,001002041,教育设施重大安全事故罪
57,15,001002042,消防责任事故罪
4120,15,001002043,投放危险物质罪
4121,15,001002044,过失投放危险物质罪
4200,15,001002045,帮助恐怖活动罪
4122,15,001002046,资助恐怖活动罪
4227,15,001002047,准备实施恐怖活动罪
4225,15,001002048,宣扬恐怖主义、极端主义、煽动实施恐怖活动罪
4214,15,001002049,利用极端主义破坏法律实施罪
4217,15,001002050,强制穿戴宣扬恐怖主义、极端主义服饰、标志罪
4206,15,001002051,非法持有宣扬恐怖主义、极端主义物品罪
4123,15,001002052,非法制造、买卖、运输、储存危险物质罪
4124,15,001002053,盗窃、抢夺枪支、弹药、爆炸物、危险物质罪
4125,15,001002054,抢劫枪支、弹药、爆炸物、危险物质罪
4140,15,001002055,强令违章冒险作业罪
4141,15,001002056,大型群众性活动重大安全事故罪
4142,15,001002057,不报、谎报安全事故罪
4180,15,001002058,危险驾驶罪
58,1,001003,破坏社会主义市场经济秩序罪
59,58,001003001,生产、销售伪劣商品罪
60,59,001003001001,生产、销售伪劣产品罪
61,59,001003001002,生产、销售假药罪
62,59,001003001003,生产、销售劣药罪
63,59,001003001004,生产、销售不符合卫生标准的食品罪
64,59,001003001005,生产、销售有毒、有害食品罪
65,59,001003001006,生产、销售不符合标准的医用器材罪
66,59,001003001007,生产、销售不符合安全标准的产品罪
67,59,001003001008,生产、销售伪劣农药、兽药、化肥、种子罪
68,59,001003001009,生产、销售不符合卫生标准的化妆品罪
4181,59,001003001010,生产、销售不符合安全标准的食品罪
69,58,001003002,走私罪
70,69,001003002001,走私武器、弹药罪
71,69,001003002002,走私核材料罪
72,69,001003002003,走私假币罪
73,69,001003002004,走私文物罪
74,69,001003002005,走私贵重金属罪
75,69,001003002006,走私珍贵动物、珍贵动物制品罪
76,69,001003002007,走私珍稀植物、珍稀植物制品罪
77,69,001003002008,走私淫秽物品罪
78,69,001003002009,走私普通货物、物品罪
79,69,001003002010,走私废物罪
4167,69,001003002011,走私国家禁止进出口的货物、物品罪
80,58,001003003,妨害对公司、企业的管理秩序罪
81,80,001003003001,虚报注册资本罪
82,80,001003003002,虚假出资、抽逃出资罪
83,80,001003003003,欺诈发行股票、债券罪
84,80,001003003004,提供虚假财会报告罪
85,80,001003003005,妨害清算罪
86,80,001003003006,公司、企业人员受贿罪
87,80,001003003007,对公司、企业人员行贿罪
88,80,001003003008,非法经营同类营业罪
89,80,001003003009,为亲友非法牟利罪
90,80,001003003010,签订、履行合同失职罪
91,80,001003003011,徇私舞弊造成破产、亏损罪
92,80,001003003012,徇私舞弊低价折股、出售国有资产罪
4086,80,001003003013,隐匿、故意销毁会计资料罪
4092,80,001003003014,国有公司、企业、事业单位人员失职罪
4093,80,001003003015,国有公司、企业、事业单位人员滥用职权罪
4135,80,001003003016,隐匿、故意销毁会计凭证、会计帐簿、财务会计报告罪
4143,80,001003003017,违规披露、不披露重要信息罪
4144,80,001003003018,虚假破产罪
4145,80,001003003019,非国家工作人员受贿罪
4146,80,001003003020,对非国家工作人员行贿罪
4147,80,001003003021,操纵上市公司罪
4148,80,001003003022,指使操纵上市公司罪
4162,80,001003003023,背信损害上市公司利益罪
4182,80,001003003024,对外国公职人员、国际公共组织官员行贿罪
4192,80,001003003025,签订、履行合同失职被骗罪
93,58,001003004,破坏金融管理秩序罪
94,93,001003004001,伪造货币罪
95,93,001003004002,出售、购买、运输假币罪
96,93,001003004003,金融工作人员购买假币、以假币换取货币罪
97,93,001003004004,持有、使用假币罪
98,93,001003004005,变造货币罪
99,93,001003004006,擅自设立金融机构罪
100,93,001003004007,伪造、变造、转让金融机构经营许可证、批准文件罪
101,93,001003004008,高利转贷罪
102,93,001003004009,非法吸收公众存款罪
103,93,001003004010,伪造、变造金融票证罪
104,93,001003004011,伪造、变造国家有价证券罪
105,93,001003004012,伪造、变造股票、公司、企业债券罪
106,93,001003004013,擅自发行股票、公司、企业债券罪
107,93,001003004014,内幕交易、泄露内幕信息罪
108,93,001003004015,编造并传播证券、期货交易虚假信息罪
109,93,001003004016,诱骗投资者买卖证券、期货合约罪
110,93,001003004017,操纵证券、期货交易价格罪
111,93,001003004018,违法向关系人发放贷款罪
112,93,001003004019,违法发放贷款罪
113,93,001003004020,用账外客户资金非法拆借、发放贷款罪
114,93,001003004021,非法出具金融票证罪
115,93,001003004022,对违法票据承兑、付款、保证罪
116,93,001003004023,逃汇罪
117,93,001003004024,洗钱罪
4119,93,001003004025,骗购外汇罪
4149,93,001003004026,骗取贷款、票据承兑、金融票证罪
4150,93,001003004027,妨害信用卡管理罪
4151,93,001003004028,窃取、收买、非法提供信用卡信息罪
4152,93,001003004029,吸收客户资金不入账罪
4163,93,001003004030,操纵证券、期货市场罪
4164,93,001003004031,背信运用受托财产罪
4165,93,001003004032,违法运用资金罪
4166,93,001003004033,违规出具金融票证罪
4168,93,001003004034,利用未公开信息交易罪
118,58,001003005,金融诈骗罪
119,118,001003005001,集资诈骗罪
120,118,001003005002,贷款诈骗罪
121,118,001003005003,票据诈骗罪
122,118,001003005004,金融凭证诈骗罪
123,118,001003005005,信用证诈骗罪
124,118,001003005006,信用卡诈骗罪
125,118,001003005007,有价证券诈骗罪
126,118,001003005008,保险诈骗罪
127,58,001003006,危害税收征管罪
128,127,001003006001,偷税罪
129,127,001003006002,抗税罪
130,127,001003006003,逃避追缴欠税罪
131,127,001003006004,骗取出口退税罪
132,127,001003006005,虚开增值税专用发票、用于骗取出口退税、抵扣税款发票罪
133,127,001003006006,伪造、出售伪造的增值税专用发票罪
134,127,001003006007,非法出售增值税专用发票罪
135,127,001003006008,非法购买增值税专用发票、购买伪造的增值税专用发票罪
136,127,001003006009,非法制造、出售非法制造的用于骗取出口退税、抵扣税款发票罪
137,127,001003006010,非法制造、出售非法制造的发票罪
138,127,001003006011,非法出售用于骗取出口退税、抵扣税款发票罪
139,127,001003006012,非法出售发票罪
4169,127,001003006013,逃税罪
4183,127,001003006014,持有伪造的发票罪
4184,127,001003006015,虚开发票罪
140,58,001003007,侵犯知识产权罪
141,140,001003007001,假冒注册商标罪
142,140,001003007002,销售假冒注册商标的商品罪
143,140,001003007003,非法制造、销售非法制造的注册商标标识罪
144,140,001003007004,假冒专利罪
145,140,001003007005,侵犯著作权罪
146,140,001003007006,销售侵权复制品罪
147,140,001003007007,侵犯商业秘密罪
148,58,001003008,扰乱市场秩序罪
149,148,001003008001,损害商业信誉、商品声誉罪
150,148,001003008002,虚假广告罪
151,148,001003008003,串通投标罪
152,148,001003008004,合同诈骗罪
153,148,001003008005,非法经营罪
154,148,001003008006,强迫交易罪
155,148,001003008007,伪造、倒卖伪造的有价票证罪
156,148,001003008008,倒卖车票、船票罪
157,148,001003008009,非法转让、倒卖土地使用权罪
158,148,001003008010,中介组织人员提供虚假证明文件罪
159,148,001003008011,中介组织人员出具证明文件重大失实罪
160,148,001003008012,逃避商检罪
4128,148,001003008013,提供虚假证明文件罪
4129,148,001003008014,出具证明文件重大失实罪
4170,148,001003008015,组织、领导传销活动罪
161,1,001004,侵犯公民人身权利、民主权利罪
162,161,001004001,故意杀人罪
163,161,001004002,过失致人死亡罪
164,161,001004003,故意伤害罪
165,161,001004004,过失致人重伤罪
166,161,001004005,强奸罪
167,161,001004006,奸淫幼女罪
4218,161,001004007,强制猥亵、侮辱罪
168,161,001004008,强制猥亵、侮辱妇女罪
169,161,001004009,猥亵儿童罪
170,161,001004010,非法拘禁罪
171,161,001004011,绑架罪
172,161,001004012,拐卖妇女、儿童罪
173,161,001004013,收买被拐卖的妇女、儿童罪
174,161,001004014,聚众阻碍解救被收买的妇女、儿童罪
175,161,001004015,诬告陷害罪
176,161,001004016,强迫职工劳动罪
177,161,001004017,非法搜查罪
178,161,001004018,非法侵入住宅罪
179,161,001004019,侮辱罪
180,161,001004020,诽谤罪
181,161,001004021,刑讯逼供罪
182,161,001004022,暴力取证罪
183,161,001004023,虐待被监管人罪
184,161,001004024,煽动民族仇恨、民族歧视罪
185,161,001004025,出版歧视、侮辱少数民族作品罪
186,161,001004026,非法剥夺公民宗教信仰自由罪
187,161,001004027,侵犯少数民族风俗习惯罪
188,161,001004028,侵犯通信自由罪
4219,161,001004029,侵犯公民个人信息罪
189,161,001004030,私自开拆、隐匿、毁弃邮件、电报罪
190,161,001004031,报复陷害罪
191,161,001004032,打击报复会计、统计人员罪
192,161,001004033,破坏选举罪
193,161,001004034,暴力干涉婚姻自由罪
194,161,001004035,重婚罪
195,161,001004036,破坏军婚罪
196,161,001004037,虐待罪
4215,161,001004038,虐待被监护、看护人罪
197,161,001004039,遗弃罪
198,161,001004040,拐骗儿童罪
4136,161,001004041,雇用童工从事危重劳动罪
4153,161,001004042,组织残疾人、儿童乞讨罪
4171,161,001004043,出售、非法提供公民个人信息罪
4172,161,001004044,非法获取公民个人信息罪
4173,161,001004045,组织未成年人进行违反治安管理活动罪
4185,161,001004046,强迫劳动罪
4186,161,001004047,组织出卖人体器官罪
199,1,001005,侵犯财产罪
200,199,001005001,抢劫罪
201,199,001005002,盗窃罪
202,199,001005003,诈骗罪
203,199,001005004,抢夺罪
204,199,001005005,聚众哄抢罪
205,199,001005006,侵占罪
206,199,001005007,职务侵占罪
207,199,001005008,挪用资金罪
208,199,001005009,挪用特定款物罪
209,199,001005010,敲诈勒索罪
210,199,001005011,故意毁坏财物罪
211,199,001005012,破坏生产经营罪
4187,199,001005013,拒不支付劳动报酬罪
212,1,001006,妨害社会管理秩序罪
213,212,001006001,扰乱公共秩序罪
214,213,001006001001,妨害公务罪
215,213,001006001002,煽动暴力抗拒法律实施罪
216,213,001006001003,招摇撞骗罪
217,213,001006001004,伪造、变造、买卖国家机关公文、证件、印章罪
218,213,001006001005,盗窃、抢夺、毁灭国家机关公文、证件、印章罪
219,213,001006001006,伪造公司、企业、事业单位、人民团体印章罪
4221,213,001006001007,使用虚假身份证件、盗用身份证件罪
220,213,001006001008,伪造、变造居民身份证罪
4222,213,001006001009,伪造、变造、买卖身份证件罪
221,213,001006001010,非法生产、买卖警用装备罪
222,213,001006001011,非法获取国家秘密罪
223,213,001006001012,非法持有国家绝密、机密文件、资料、物品罪
4211,213,001006001013,非法生产、销售专用间谍器材、窃听、窃照专用器材罪
224,213,001006001014,非法生产、销售间谍专用器材罪
225,213,001006001015,非法使用窃听、窃照专用器材罪
4230,213,001006001016,组织考试作弊罪
4207,213,001006001017,非法出售、提供试题、答案罪
4203,213,001006001018,代替考试罪
226,213,001006001019,非法侵入计算机信息系统罪
227,213,001006001020,破坏计算机信息系统罪
4212,213,001006001021,拒不履行信息网络安全管理义务罪
4208,213,001006001022,非法利用信息网络罪
4201,213,001006001023,帮助信息网络犯罪活动罪
228,213,001006001024,扰乱无线电通讯管理秩序罪
229,213,001006001025,聚众扰乱社会秩序罪
230,213,001006001026,聚众冲击国家机关罪
231,213,001006001027,聚众扰乱公共场所秩序、交通秩序罪
4202,213,001006001028,编造、故意传播虚假信息罪
4220,213,001006001029,扰乱国家机关工作秩序罪
4229,213,001006001030,组织、资助非法聚集罪
232,213,001006001031,聚众斗殴罪
233,213,001006001032,寻衅滋事罪
234,213,001006001033,组织、领导、参加黑社会性质组织罪
235,213,001006001034,入境发展黑社会组织罪
236,213,001006001035,包庇、纵容黑社会性质组织罪
237,213,001006001036,传授犯罪方法罪
238,213,001006001037,非法集会、游行、示威罪
239,213,001006001038,非法携带武器、管制刀具、爆炸物参加集会、游行、示威罪
240,213,001006001039,破坏集会、游行、示威罪
241,213,001006001040,侮辱国旗、国徽罪
242,213,001006001041,组织、利用会道门、邪教组织、利用迷信破坏法律实施罪
243,213,001006001042,组织、利用会道门、邪教组织、利用迷信致人死亡罪
4228,213,001006001043,组织、利用会道门、邪教组织、利用迷信致人重伤、死亡罪
244,213,001006001044,聚众淫乱罪
245,213,001006001045,引诱未成年人聚众淫乱罪
246,213,001006001046,盗窃、侮辱尸体罪
4204,213,001006001047,盗窃、侮辱、故意毁坏尸体、尸骨、骨灰罪
247,213,001006001048,赌博罪
248,213,001006001049,故意延误投递邮件罪
4130,213,001006001050,投放虚假危险物质罪
4131,213,001006001051,编造、故意传播虚假恐怖信息罪
4154,213,001006001052,开设赌场罪
4174,213,001006001053,非法获取计算机信息系统数据、非法控制计算机信息系统罪
4175,213,001006001054,提供侵入、非法控制计算机信息系统程序、工具罪
249,212,001006002,妨害司法罪
250,249,001006002001,伪证罪
251,249,001006002002,辩护人、诉讼代理人毁灭证据、伪造证据、妨害作证罪
4224,249,001006002003,虚假诉讼罪
252,249,001006002004,妨害作证罪
253,249,001006002005,帮助毁灭、伪造证据罪
4223,249,001006002006,泄露不应公开的案件信息罪
254,249,001006002007,打击报复证人罪
4216,249,001006002008,披露、报道不应公开的案件信息罪
255,249,001006002009,扰乱法庭秩序罪
256,249,001006002010,窝藏、包庇罪
257,249,001006002011,拒绝提供间谍犯罪证据罪
4213,249,001006002012,拒绝提供间谍犯罪、恐怖主义犯罪、极端主义犯罪证据罪
258,249,001006002013,窝藏、转移、收购、销售赃物罪
259,249,001006002014,拒不执行判决、裁定罪
260,249,001006002015,非法处置查封、扣押、冻结的财产罪
261,249,001006002016,破坏监管秩序罪
262,249,001006002017,脱逃罪
263,249,001006002018,劫夺被押解人员罪
264,249,001006002019,组织越狱罪
265,249,001006002020,暴动越狱罪
266,249,001006002021,聚众持械劫狱罪
4155,249,001006002022,隐瞒、掩饰犯罪所得、犯罪所得收益罪
4188,249,001006002023,掩饰、隐瞒犯罪所得、犯罪所得收益罪
267,212,001006003,妨害国(边)境管理罪
268,267,001006003001,组织他人偷越国(边)境罪
269,267,001006003002,骗取出境证件罪
270,267,001006003003,提供伪造、变造的出入境证件罪
271,267,001006003004,出售出入境证件罪
272,267,001006003005,运送他人偷越国(边)境罪
273,267,001006003006,偷越国(边)境罪
274,267,001006003007,破坏界碑、界桩罪
275,267,001006003008,破坏永久性测量标志罪
276,212,001006004,妨害文物管理罪
277,276,001006004001,故意损毁文物罪
278,276,001006004002,故意损毁名胜古迹罪
279,276,001006004003,过失损毁文物罪
280,276,001006004004,非法向外国人出售、赠送珍贵文物罪
281,276,001006004005,倒卖文物罪
282,276,001006004006,非法出售、私赠文物藏品罪
283,276,001006004007,盗掘古文化遗址、古墓葬罪
284,276,001006004008,盗掘古人类化石、古脊椎动物化石罪
285,276,001006004009,抢夺、窃取国有档案罪
286,276,001006004010,擅自出卖、转让国有档案罪
287,212,001006005,危害公共卫生罪
288,287,001006005001,违反传染病防治规定罪
289,287,001006005002,传染病菌种、毒种扩散罪
290,287,001006005003,违反国境卫生检疫规定罪
291,287,001006005004,非法组织卖血罪
292,287,001006005005,强迫卖血罪
293,287,001006005006,非法采集、供应血液、制作、供应血液制品罪
294,287,001006005007,采集、供应血液、制作、供应血液制品事故罪
295,287,001006005008,医疗事故罪
296,287,001006005009,非法行医罪
297,287,001006005010,非法进行节育手术罪
298,287,001006005011,逃避动植物检疫罪
4156,287,001006005012,妨害传染病防治罪
4157,287,001006005013,妨害国境卫生检疫罪
4176,287,001006005014,妨害动植物防疫、检疫罪
299,212,001006006,破坏环境资源保护罪
300,299,001006006001,重大环境污染事故罪
301,299,001006006002,非法处置进口的固体废物罪
302,299,001006006003,擅自进口固体废物罪
303,299,001006006004,非法捕捞水产品罪
304,299,001006006005,非法猎捕、杀害珍贵、濒危野生动物罪
305,299,001006006006,非法收购、运输、出售珍贵、濒危野生动物、珍贵、濒危野生动物制品罪
306,299,001006006007,非法狩猎罪
307,299,001006006008,非法占用耕地罪
308,299,001006006009,非法采矿罪
309,299,001006006010,破坏性采矿罪
310,299,001006006011,非法采伐、毁坏国家重点保护植物罪
311,299,001006006012,盗伐林木罪
312,299,001006006013,滥伐林木罪
313,299,001006006014,非法收购、运输盗伐、滥伐的林木罪
4132,299,001006006015,非法占用农用地罪
4137,299,001006006016,非法收购、运输、加工、出售国家重点保护植物、国家重点保护植物制品罪
4189,299,001006006017,污染环境罪
314,212,001006007,走私、贩卖、运输、制造毒品罪
315,314,001006007001,走私、贩卖、运输、制造毒品罪
316,314,001006007002,非法持有毒品罪
317,314,001006007003,包庇毒品犯罪分子罪
318,314,001006007004,窝藏、转移、隐瞒毒品、毒赃罪
319,314,001006007005,走私制毒物品罪
320,314,001006007006,非法买卖制毒物品罪
4210,314,001006007007,非法生产、买卖、运输制毒物品、走私制毒物品罪
321,314,001006007008,非法种植毒品原植物罪
322,314,001006007009,非法买卖、运输、携带、持有毒品原植物种子、幼苗罪
323,314,001006007010,引诱、教唆、欺骗他人吸毒罪
324,314,001006007011,强迫他人吸毒罪
325,314,001006007012,容留他人吸毒罪
326,314,001006007013,非法提供麻醉药品、精神药品罪
327,212,001006008,组织、强迫、引诱、容留、介绍卖淫罪
328,327,001006008001,组织卖淫罪
329,327,001006008002,强迫卖淫罪
330,327,001006008003,协助组织卖淫罪
331,327,001006008004,引诱、容留、介绍卖淫罪
332,327,001006008005,引诱幼女卖淫罪
333,327,001006008006,传播性病罪
334,327,001006008007,嫖宿幼女罪
335,212,001006009,制作、贩卖、传播淫秽物品罪
336,335,001006009001,制作、复制、出版、贩卖、传播淫秽物品牟利罪
337,335,001006009002,为他人提供书号出版淫秽书刊罪
338,335,001006009003,传播淫秽物品罪
339,335,001006009004,组织播放淫秽音像制品罪
340,335,001006009005,组织淫秽表演罪
341,1,001007,危害国防利益罪
342,341,001007001,阻碍军人执行职务罪
343,341,001007002,阻碍军事行动罪
344,341,001007003,破坏武器装备、军事设施、军事通信罪
345,341,001007004,故意提供不合格武器装备、军事设施罪
346,341,001007005,过失提供不合格武器装备、军事设施罪
347,341,001007006,聚众冲击军事禁区罪
348,341,001007007,聚众扰乱军事管理区秩序罪
349,341,001007008,冒充军人招摇撞骗罪
350,341,001007009,煽动军人逃离部队罪
351,341,001007010,雇用逃离部队军人罪
352,341,001007011,接送不合格兵员罪
353,341,001007012,伪造、变造、买卖武装部队公文、证件、印章罪
354,341,001007013,盗窃、抢夺武装部队公文、证件、印章罪
355,341,001007014,非法生产、买卖军用标志罪
356,341,001007015,战时拒绝、逃避征召、军事训练罪
357,341,001007016,战时拒绝、逃避服役罪
358,341,001007017,战时故意提供虚假敌情罪
359,341,001007018,战时造谣扰乱军心罪
360,341,001007019,战时窝藏逃离部队军人罪
361,341,001007020,战时拒绝、故意延误军事订货罪
362,341,001007021,战时拒绝军事征用罪
4226,341,001007022,战时拒绝军事征收、征用罪
4158,341,001007023,过失破坏武器装备、军事设施、军事通信罪
4177,341,001007024,非法生产、买卖武装部队制式服装罪
4178,341,001007025,伪造、盗窃、买卖、非法提供、非法使用武装部队专用标志罪
4190,341,001007026,过失损坏武器装备、军事设施、军事通信罪
363,1,001008,贪污贿赂罪
364,363,001008001,贪污罪
365,363,001008002,挪用公款罪
366,363,001008003,受贿罪
367,363,001008004,单位受贿罪
368,363,001008005,行贿罪
4205,363,001008006,对有影响力的人行贿罪
369,363,001008007,对单位行贿罪
370,363,001008008,介绍贿赂罪
371,363,001008009,单位行贿罪
372,363,001008010,巨额财产来源不明罪
373,363,001008011,隐瞒境外存款罪
374,363,001008012,私分国有资产罪
375,363,001008013,私分罚没财物罪
4179,363,001008014,利用影响力受贿罪
376,1,001009,渎职罪
377,376,001009001,滥用职权罪
378,376,001009002,玩忽职守罪
379,376,001009003,故意泄露国家秘密罪
380,376,001009004,过失泄露国家秘密罪
381,376,001009005,徇私枉法罪
382,376,001009006,枉法裁判罪
383,376,001009007,私放在押人员罪
384,376,001009008,失职致使在押人员脱逃罪
385,376,001009009,徇私舞弊减刑、假释、暂予监外执行罪
386,376,001009010,徇私舞弊不移交刑事案件罪
387,376,001009011,滥用管理公司、证券职权罪
388,376,001009012,徇私舞弊不征、少征税款罪
389,376,001009013,徇私舞弊发售发票、抵扣税款、出口退税罪
390,376,001009014,国家机关工作人员签订、履行合同失职罪
391,376,001009015,违法发放林木采伐许可证罪
392,376,001009016,环境监管失职罪
393,376,001009017,传染病防治失职罪
394,376,001009018,非法批准征用、占用土地罪
4209,376,001009019,非法批准征收、征用、占用土地罪
395,376,001009020,放纵走私罪
396,376,001009021,商检徇私舞弊罪
397,376,001009022,商检失职罪
398,376,001009023,动植物检疫徇私舞弊罪
399,376,001009024,动植物检疫失职罪
400,376,001009025,放纵制售伪劣商品犯罪行为罪
401,376,001009026,办理偷越国(边)境人员出入境证件罪
402,376,001009027,放行偷越国(边)境人员罪
403,376,001009028,不解救被拐卖、绑架妇女、儿童罪
404,376,001009029,阻碍解救被拐卖、绑架妇女、儿童罪
405,376,001009030,帮助罪犯逃避处罚罪
406,376,001009031,招收公务员、学生徇私舞弊罪
407,376,001009032,失职造成珍贵文物损毁、流失罪
809,376,001009033,违法提供出口退税凭证罪
810,376,001009034,非法低价出让国有土地使用权罪
4133,376,001009035,民事、行政枉法裁判罪
4134,376,001009036,国家机关工作人员签订、履行合同失职被骗罪
4138,376,001009037,执行判决、裁定失职罪
4139,376,001009038,执行判决、裁定滥用职权罪
4159,376,001009039,枉法仲裁罪
4160,376,001009040,帮助犯罪分子逃避处罚罪
4191,376,001009041,食品监管渎职罪
408,1,001010,军人违反职责罪
409,408,001010001,战时违抗命令罪
410,408,001010002,隐瞒、谎报军情罪
411,408,001010003,拒传、假传军令罪
412,408,001010004,投降罪
413,408,001010005,战时临阵脱逃罪
414,408,001010006,擅离、玩忽军事职守罪
415,408,001010007,阻碍执行军事职务罪
416,408,001010008,指使部属违反职责罪
417,408,001010009,违令作战消极罪
418,408,001010010,拒不救援友邻部队罪
419,408,001010011,军人叛逃罪
420,408,001010012,非法获取军事秘密罪
421,408,001010013,为境外窃取、刺探、收买、非法提供军事秘密罪
422,408,001010014,故意泄露军事秘密罪
423,408,001010015,过失泄露军事秘密罪
424,408,001010016,战时军人造谣惑众罪
425,408,001010017,战时自伤罪
426,408,001010018,逃离部队罪
427,408,001010019,武器装备肇事罪
428,408,001010020,擅自改变武器装备编配用途罪
429,408,001010021,盗窃、抢夺武器装备、军用物资罪
430,408,001010022,非法出卖、转让武器装备罪
431,408,001010023,遗弃武器装备罪
432,408,001010024,遗失武器装备罪
433,408,001010025,擅自出卖、转让军队房地产罪
434,408,001010026,虐待部属罪
435,408,001010027,遗弃伤病军人罪
436,408,001010028,战时拒不救治伤病军人罪
437,408,001010029,战时残害居民、掠夺居民财物罪
438,408,001010030,私放俘虏罪
439,408,001010031,虐待俘虏罪
4161,408,001010032,战时造谣惑众罪
440,1,001011,九七年十月以前刑事案由或罪名
441,440,001011001,反革命罪
442,440,001011002,经济犯罪
443,440,001011003,其他刑事犯罪
9000,0,002,民事案由
9001,9000,002001,人格权纠纷
9002,9001,002001001,人格权纠纷
9003,9002,002001001001,生命权、健康权、身体权纠纷
9848,9003,002001001001001,生命权纠纷
9849,9003,002001001001002,健康权纠纷
9850,9003,002001001001003,身体权纠纷
9004,9002,002001001002,姓名权纠纷
9005,9002,002001001003,肖像权纠纷
9006,9002,002001001004,名誉权纠纷
9007,9002,002001001005,荣誉权纠纷
9008,9002,002001001006,隐私权纠纷
9009,9002,002001001007,婚姻自主权纠纷
9010,9002,002001001008,人身自由权纠纷
9011,9002,002001001009,一般人格权纠纷
9012,9000,002002,婚姻家庭、继承纠纷
9013,9012,002002001,婚姻家庭纠纷
9014,9013,002002001001,婚约财产纠纷
9015,9013,002002001002,离婚纠纷
9016,9013,002002001003,离婚后财产纠纷
9017,9013,002002001004,离婚后损害责任纠纷
9018,9013,002002001005,婚姻无效纠纷
9019,9013,002002001006,撤销婚姻纠纷
9020,9013,002002001007,夫妻财产约定纠纷
9021,9013,002002001008,同居关系纠纷
9022,9021,002002001008001,同居关系析产纠纷
9023,9021,002002001008002,同居关系子女抚养纠纷
9024,9013,002002001009,抚养纠纷
9025,9024,002002001009001,抚养费纠纷
9026,9024,002002001009002,变更抚养关系纠纷
9027,9013,002002001010,扶养纠纷
9028,9027,002002001010001,扶养费纠纷
9029,9027,002002001010002,变更扶养关系纠纷
9030,9013,002002001011,赡养纠纷
9031,9030,002002001011001,赡养费纠纷
9032,9030,002002001011002,变更赡养关系纠纷
9033,9013,002002001012,收养关系纠纷
9034,9033,002002001012001,确认收养关系纠纷
9035,9033,002002001012002,解除收养关系纠纷
9036,9013,002002001013,监护权纠纷
9037,9013,002002001014,探望权纠纷
9038,9013,002002001015,分家析产纠纷
9039,9012,002002002,继承纠纷
9040,9039,002002002001,法定继承纠纷
9041,9040,002002002001001,转继承纠纷
9042,9040,002002002001002,代位继承纠纷
9043,9039,002002002002,遗嘱继承纠纷
9044,9039,002002002003,被继承人债务清偿纠纷
9045,9039,002002002004,遗赠纠纷
9046,9039,002002002005,遗赠扶养协议纠纷
9047,9000,002003,物权纠纷
9048,9047,002003001,不动产登记纠纷
9049,9048,002003001001,异议登记不当损害责任纠纷
9050,9048,002003001002,虚假登记损害责任纠纷
9051,9047,002003002,物权保护纠纷
9052,9051,002003002001,物权确认纠纷
9053,9052,002003002001001,所有权确认纠纷
9054,9052,002003002001002,用益物权确认纠纷
9055,9052,002003002001003,担保物权确认纠纷
9056,9051,002003002002,返还原物纠纷
9057,9051,002003002003,排除妨害纠纷
9058,9051,002003002004,消除危险纠纷
9059,9051,002003002005,修理、重作、更换纠纷
9060,9051,002003002006,恢复原状纠纷
9061,9051,002003002007,财产损害赔偿纠纷
9062,9047,002003003,所有权纠纷
9063,9062,002003003001,侵害集体经济组织成员权益纠纷
9064,9062,002003003002,建筑物区分所有权纠纷
9065,9064,002003003002001,业主专有权纠纷
9066,9064,002003003002002,业主共有权纠纷
9067,9064,002003003002003,车位纠纷
9068,9064,002003003002004,车库纠纷
9069,9062,002003003003,业主撤销权纠纷
9070,9062,002003003004,业主知情权纠纷
9071,9062,002003003005,遗失物返还纠纷
9072,9062,002003003006,漂流物返还纠纷
9073,9062,002003003007,埋藏物返还纠纷
9074,9062,002003003008,隐藏物返还纠纷
9075,9062,002003003009,相邻关系纠纷
9076,9075,002003003009001,相邻用水、排水纠纷
9077,9075,002003003009002,相邻通行纠纷
9078,9075,002003003009003,相邻土地、建筑物利用关系纠纷
9079,9075,002003003009004,相邻通风纠纷
9080,9075,002003003009005,相邻采光、日照纠纷
9081,9075,002003003009006,相邻污染侵害纠纷
9082,9075,002003003009007,相邻损害防免关系纠纷
9083,9062,002003003010,共有纠纷
9084,9083,002003003010001,共有权确认纠纷
9085,9083,002003003010002,共有物分割纠纷
9086,9083,002003003010003,共有人优先购买权纠纷
9087,9047,002003004,用益物权纠纷
9088,9087,002003004001,海域使用权纠纷
9089,9087,002003004002,探矿权纠纷
9090,9087,002003004003,采矿权纠纷
9091,9087,002003004004,取水权纠纷
9092,9087,002003004005,养殖权纠纷
9093,9087,002003004006,捕捞权纠纷
9094,9087,002003004007,土地承包经营权纠纷
9095,9094,002003004007001,土地承包经营权确认纠纷
9096,9094,002003004007002,承包地征收补偿费用分配纠纷
9097,9094,002003004007003,土地承包经营权继承纠纷
9098,9087,002003004008,建设用地使用权纠纷
9099,9087,002003004009,宅基地使用权纠纷
9100,9087,002003004010,地役权纠纷
9101,9047,002003005,担保物权纠纷
9102,9101,002003005001,抵押权纠纷
9103,9102,002003005001001,建筑物和其他土地附着物抵押权纠纷
9104,9102,002003005001002,在建建筑物抵押权纠纷
9105,9102,002003005001003,建设用地使用权抵押权纠纷
9106,9102,002003005001004,土地承包经营权抵押权纠纷
9107,9102,002003005001005,动产抵押权纠纷
9108,9102,002003005001006,在建船舶、航空器抵押权纠纷
9109,9102,002003005001007,动产浮动抵押权纠纷
9110,9102,002003005001008,最高额抵押权纠纷
9111,9101,002003005002,质权纠纷
9112,9111,002003005002001,动产质权纠纷
9113,9111,002003005002002,转质权纠纷
9114,9111,002003005002003,最高额质权纠纷
9115,9111,002003005002004,票据质权纠纷
9116,9111,002003005002005,债券质权纠纷
9117,9111,002003005002006,存单质权纠纷
9118,9111,002003005002007,仓单质权纠纷
9119,9111,002003005002008,提单质权纠纷
9120,9111,002003005002009,股权质权纠纷
9121,9111,002003005002010,基金份额质权纠纷
9122,9111,002003005002011,知识产权质权纠纷
9123,9111,002003005002012,应收账款质权纠纷
9124,9101,002003005003,留置权纠纷
9125,9047,002003006,占有保护纠纷
9126,9125,002003006001,占有物返还纠纷
9127,9125,002003006002,占有排除妨害纠纷
9128,9125,002003006003,占有消除危险纠纷
9129,9125,002003006004,占有物损害赔偿纠纷
9130,9000,002004,合同、无因管理、不当得利纠纷
9131,9130,002004001,合同纠纷
9132,9131,002004001001,缔约过失责任纠纷
9133,9131,002004001002,确认合同效力纠纷
9134,9133,002004001002001,确认合同有效纠纷
9135,9133,002004001002002,确认合同无效纠纷
9136,9131,002004001003,债权人代位权纠纷
9137,9131,002004001004,债权人撤销权纠纷
9138,9131,002004001005,债权转让合同纠纷
9139,9131,002004001006,债务转移合同纠纷
9140,9131,002004001007,债权债务概括转移合同纠纷
9141,9131,002004001008,悬赏广告纠纷
9142,9131,002004001009,买卖合同纠纷
9143,9142,002004001009001,分期付款买卖合同纠纷
9144,9142,002004001009002,凭样品买卖合同纠纷
9145,9142,002004001009003,试用买卖合同纠纷
9146,9142,002004001009004,互易纠纷
9147,9142,002004001009005,国际货物买卖合同纠纷
9148,9142,002004001009006,网络购物合同纠纷
9149,9142,002004001009007,电视购物合同纠纷
9150,9131,002004001010,招标投标买卖合同纠纷
9151,9131,002004001011,拍卖合同纠纷
9152,9131,002004001012,建设用地使用权合同纠纷
9153,9152,002004001012001,建设用地使用权出让合同纠纷
9154,9152,002004001012002,建设用地使用权转让合同纠纷
9155,9131,002004001013,临时用地合同纠纷
9156,9131,002004001014,探矿权转让合同纠纷
9157,9131,002004001015,采矿权转让合同纠纷
9158,9131,002004001016,房地产开发经营合同纠纷
9159,9158,002004001016001,委托代建合同纠纷
9160,9158,002004001016002,合资、合作开发房地产合同纠纷
9161,9158,002004001016003,项目转让合同纠纷
9162,9131,002004001017,房屋买卖合同纠纷
9163,9162,002004001017001,商品房预约合同纠纷
9164,9162,002004001017002,商品房预售合同纠纷
9165,9162,002004001017003,商品房销售合同纠纷
9166,9162,002004001017004,商品房委托代理销售合同纠纷
9167,9162,002004001017005,经济适用房转让合同纠纷
9168,9162,002004001017006,农村房屋买卖合同纠纷
9169,9131,002004001018,房屋拆迁安置补偿合同纠纷
9170,9131,002004001019,供用电合同纠纷
9171,9131,002004001020,供用水合同纠纷
9172,9131,002004001021,供用气合同纠纷
9173,9131,002004001022,供用热力合同纠纷
9174,9131,002004001023,赠与合同纠纷
9175,9174,002004001023001,公益事业捐赠合同纠纷
9176,9174,002004001023002,附义务赠与合同纠纷
9177,9131,002004001024,借款合同纠纷
9178,9177,002004001024001,金融借款合同纠纷
9179,9177,002004001024002,同业拆借纠纷
9180,9177,002004001024003,企业借贷纠纷
9181,9177,002004001024004,民间借贷纠纷
9182,9177,002004001024005,小额借款合同纠纷
9183,9177,002004001024006,金融不良债权转让合同纠纷
9184,9177,002004001024007,金融不良债权追偿纠纷
9185,9131,002004001025,保证合同纠纷
9186,9131,002004001026,抵押合同纠纷
9187,9131,002004001027,质押合同纠纷
9188,9131,002004001028,定金合同纠纷
9189,9131,002004001029,进出口押汇纠纷
9190,9131,002004001030,储蓄存款合同纠纷
9191,9131,002004001031,银行卡纠纷
9192,9191,002004001031001,借记卡纠纷
9193,9191,002004001031002,信用卡纠纷
9194,9131,002004001032,租赁合同纠纷
9195,9194,002004001032001,土地租赁合同纠纷
9196,9194,002004001032002,房屋租赁合同纠纷
9197,9194,002004001032003,车辆租赁合同纠纷
9198,9194,002004001032004,建筑设备租赁合同纠纷
9199,9131,002004001033,融资租赁合同纠纷
9200,9131,002004001034,承揽合同纠纷
9201,9200,002004001034001,加工合同纠纷
9202,9200,002004001034002,定作合同纠纷
9203,9200,002004001034003,修理合同纠纷
9204,9200,002004001034004,复制合同纠纷
9205,9200,002004001034005,测试合同纠纷
9206,9200,002004001034006,检验合同纠纷
9207,9200,002004001034007,铁路机车、车辆建造合同纠纷
9208,9131,002004001035,建设工程合同纠纷
9209,9208,002004001035001,建设工程勘察合同纠纷
9210,9208,002004001035002,建设工程设计合同纠纷
9211,9208,002004001035003,建设工程施工合同纠纷
9212,9208,002004001035004,建设工程价款优先受偿权纠纷
9213,9208,002004001035005,建设工程分包合同纠纷
9214,9208,002004001035006,建设工程监理合同纠纷
9215,9208,002004001035007,装饰装修合同纠纷
9216,9208,002004001035008,铁路修建合同纠纷
9217,9208,002004001035009,农村建房施工合同纠纷
9218,9131,002004001036,运输合同纠纷
9219,9218,002004001036001,公路旅客运输合同纠纷
9220,9218,002004001036002,公路货物运输合同纠纷
9221,9218,002004001036003,水路旅客运输合同纠纷
9222,9218,002004001036004,水路货物运输合同纠纷
9223,9218,002004001036005,航空旅客运输合同纠纷
9224,9218,002004001036006,航空货物运输合同纠纷
9225,9218,002004001036007,出租汽车运输合同纠纷
9226,9218,002004001036008,管道运输合同纠纷
9227,9218,002004001036009,城市公交运输合同纠纷
9228,9218,002004001036010,联合运输合同纠纷
9229,9218,002004001036011,多式联运合同纠纷
9230,9218,002004001036012,铁路货物运输合同纠纷
9231,9218,002004001036013,铁路旅客运输合同纠纷
9232,9218,002004001036014,铁路行李运输合同纠纷
9233,9218,002004001036015,铁路包裹运输合同纠纷
9234,9218,002004001036016,国际铁路联运合同纠纷
9235,9131,002004001037,保管合同纠纷
9236,9131,002004001038,仓储合同纠纷
9237,9131,002004001039,委托合同纠纷
9238,9237,002004001039001,进出口代理合同纠纷
9239,9237,002004001039002,货运代理合同纠纷
9240,9237,002004001039003,民用航空运输销售代理合同纠纷
9241,9237,002004001039004,诉讼、仲裁、人民调解代理合同纠纷
9242,9131,002004001040,委托理财合同纠纷
9243,9242,002004001040001,金融委托理财合同纠纷
9244,9242,002004001040002,民间委托理财合同纠纷
9245,9131,002004001041,行纪合同纠纷
9246,9131,002004001042,居间合同纠纷
9247,9131,002004001043,补偿贸易纠纷
9248,9131,002004001044,借用合同纠纷
9249,9131,002004001045,典当纠纷
9250,9131,002004001046,合伙协议纠纷
9251,9131,002004001047,种植、养殖回收合同纠纷
9252,9131,002004001048,彩票、奖券纠纷
9253,9131,002004001049,中外合作勘探开发自然资源合同纠纷
9254,9131,002004001050,农业承包合同纠纷
9255,9131,002004001051,林业承包合同纠纷
9256,9131,002004001052,渔业承包合同纠纷
9257,9131,002004001053,牧业承包合同纠纷
9258,9131,002004001054,农村土地承包合同纠纷
9259,9258,002004001054001,土地承包经营权转包合同纠纷
9260,9258,002004001054002,土地承包经营权转让合同纠纷
9261,9258,002004001054003,土地承包经营权互换合同纠纷
9262,9258,002004001054004,土地承包经营权入股合同纠纷
9263,9258,002004001054005,土地承包经营权抵押合同纠纷
9264,9258,002004001054006,土地承包经营权出租合同纠纷
9265,9131,002004001055,服务合同纠纷
9266,9265,002004001055001,电信服务合同纠纷
9267,9265,002004001055002,邮寄服务合同纠纷
9268,9265,002004001055003,医疗服务合同纠纷
9269,9265,002004001055004,法律服务合同纠纷
9270,9265,002004001055005,旅游合同纠纷
9271,9265,002004001055006,房地产咨询合同纠纷
9272,9265,002004001055007,房地产价格评估合同纠纷
9273,9265,002004001055008,旅店服务合同纠纷
9274,9265,002004001055009,财会服务合同纠纷
9275,9265,002004001055010,餐饮服务合同纠纷
9276,9265,002004001055011,娱乐服务合同纠纷
9277,9265,002004001055012,有线电视服务合同纠纷
9278,9265,002004001055013,网络服务合同纠纷
9279,9265,002004001055014,教育培训合同纠纷
9280,9265,002004001055015,物业服务合同纠纷
9281,9265,002004001055016,家政服务合同纠纷
9282,9265,002004001055017,庆典服务合同纠纷
9283,9265,002004001055018,殡葬服务合同纠纷
9284,9265,002004001055019,农业技术服务合同纠纷
9285,9265,002004001055020,农机作业服务合同纠纷
9286,9265,002004001055021,保安服务合同纠纷
9287,9265,002004001055022,银行结算合同纠纷
9288,9131,002004001056,演出合同纠纷
9289,9131,002004001057,劳务合同纠纷
9290,9131,002004001058,离退休人员返聘合同纠纷
9291,9131,002004001059,广告合同纠纷
9292,9131,002004001060,展览合同纠纷
9293,9131,002004001061,追偿权纠纷
9295,9130,002004002,不当得利纠纷
9296,9295,002004002001,不当得利纠纷
9297,9130,002004003,无因管理纠纷
9298,9297,002004003001,无因管理纠纷
9299,9000,002005,知识产权与竞争纠纷
9300,9299,002005001,知识产权合同纠纷
9301,9300,002005001001,著作权合同纠纷
9302,9301,002005001001001,委托创作合同纠纷
9303,9301,002005001001002,合作创作合同纠纷
9304,9301,002005001001003,著作权转让合同纠纷
9305,9301,002005001001004,著作权许可使用合同纠纷
9306,9301,002005001001005,出版合同纠纷
9307,9301,002005001001006,表演合同纠纷
9308,9301,002005001001007,音像制品制作合同纠纷
9309,9301,002005001001008,广播电视播放合同纠纷
9310,9301,002005001001009,邻接权转让合同纠纷
9311,9301,002005001001010,邻接权许可使用合同纠纷
9312,9301,002005001001011,计算机软件开发合同纠纷
9313,9301,002005001001012,计算机软件著作权转让合同纠纷
9314,9301,002005001001013,计算机软件著作权许可使用合同纠纷
9315,9300,002005001002,商标合同纠纷
9316,9315,002005001002001,商标权转让合同纠纷
9317,9315,002005001002002,商标使用许可合同纠纷
9318,9315,002005001002003,商标代理合同纠纷
9319,9300,002005001003,专利合同纠纷
9320,9319,002005001003001,专利申请权转让合同纠纷
9321,9319,002005001003002,专利权转让合同纠纷
9322,9319,002005001003003,发明专利实施许可合同纠纷
9323,9319,002005001003004,实用新型专利实施许可合同纠纷
9324,9319,002005001003005,外观设计专利实施许可合同纠纷
9325,9319,002005001003006,专利代理合同纠纷
9326,9300,002005001004,植物新品种合同纠纷
9327,9326,002005001004001,植物新品种育种合同纠纷
9328,9326,002005001004002,植物新品种申请权转让合同纠纷
9329,9326,002005001004003,植物新品种权转让合同纠纷
9330,9326,002005001004004,植物新品种实施许可合同纠纷
9331,9300,002005001005,集成电路布图设计合同纠纷
9332,9331,002005001005001,集成电路布图设计创作合同纠纷
9333,9331,002005001005002,集成电路布图设计专有权转让合同纠纷
9334,9331,002005001005003,集成电路布图设计许可使用合同纠纷
9335,9300,002005001006,商业秘密合同纠纷
9336,9335,002005001006001,技术秘密让与合同纠纷
9337,9335,002005001006002,技术秘密许可使用合同纠纷
9338,9335,002005001006003,经营秘密让与合同纠纷
9339,9335,002005001006004,经营秘密许可使用合同纠纷
9340,9300,002005001007,技术合同纠纷
9341,9340,002005001007001,技术委托开发合同纠纷
9342,9340,002005001007002,技术合作开发合同纠纷
9343,9340,002005001007003,技术转化合同纠纷
9344,9340,002005001007004,技术转让合同纠纷
9345,9340,002005001007005,技术咨询合同纠纷
9346,9340,002005001007006,技术服务合同纠纷
9347,9340,002005001007007,技术培训合同纠纷
9348,9340,002005001007008,技术中介合同纠纷
9349,9340,002005001007009,技术进口合同纠纷
9350,9340,002005001007010,技术出口合同纠纷
9351,9340,002005001007011,职务技术成果完成人奖励、报酬纠纷
9352,9340,002005001007012,技术成果完成人署名权、荣誉权、奖励权纠纷
9353,9300,002005001008,特许经营合同纠纷
9354,9300,002005001009,企业名称（商号）合同纠纷
9355,9354,002005001009001,企业名称（商号）转让合同纠纷
9356,9354,002005001009002,企业名称（商号）使用合同纠纷
9357,9300,002005001010,特殊标志合同纠纷
9358,9300,002005001011,网络域名合同纠纷
9359,9358,002005001011001,网络域名注册合同纠纷
9360,9358,002005001011002,网络域名转让合同纠纷
9361,9358,002005001011003,网络域名许可使用合同纠纷
9362,9300,002005001012,知识产权质押合同纠纷
9363,9299,002005002,知识产权权属、侵权纠纷
9364,9363,002005002001,著作权权属、侵权纠纷
9365,9364,002005002001001,著作权权属纠纷
9366,9364,002005002001002,侵害作品发表权纠纷
9367,9364,002005002001003,侵害作品署名权纠纷
9368,9364,002005002001004,侵害作品修改权纠纷
9369,9364,002005002001005,侵害保护作品完整权纠纷
9370,9364,002005002001006,侵害作品复制权纠纷
9371,9364,002005002001007,侵害作品发行权纠纷
9372,9364,002005002001008,侵害作品出租权纠纷
9373,9364,002005002001009,侵害作品展览权纠纷
9374,9364,002005002001010,侵害作品表演权纠纷
9375,9364,002005002001011,侵害作品放映权纠纷
9376,9364,002005002001012,侵害作品广播权纠纷
9377,9364,002005002001013,侵害作品信息网络传播权纠纷
9378,9364,002005002001014,侵害作品摄制权纠纷
9379,9364,002005002001015,侵害作品改编权纠纷
9380,9364,002005002001016,侵害作品翻译权纠纷
9381,9364,002005002001017,侵害作品汇编权纠纷
9382,9364,002005002001018,侵害其他著作财产权纠纷
9383,9364,002005002001019,出版者权权属纠纷
9384,9364,002005002001020,表演者权权属纠纷
9385,9364,002005002001021,录音录像制作者权权属纠纷
9386,9364,002005002001022,广播组织权权属纠纷
9387,9364,002005002001023,侵害出版者权纠纷
9388,9364,002005002001024,侵害表演者权纠纷
9389,9364,002005002001025,侵害录音录像制作者权纠纷
9390,9364,002005002001026,侵害广播组织权纠纷
9391,9364,002005002001027,计算机软件著作权权属纠纷
9392,9364,002005002001028,侵害计算机软件著作权纠纷
9393,9363,002005002002,商标权权属、侵权纠纷
9394,9393,002005002002001,商标权权属纠纷
9395,9393,002005002002002,侵害商标权纠纷
9396,9363,002005002003,专利权权属、侵权纠纷
9397,9396,002005002003001,专利申请权权属纠纷
9398,9396,002005002003002,专利权权属纠纷
9399,9396,002005002003003,侵害发明专利权纠纷
9400,9396,002005002003004,侵害实用新型专利权纠纷
9401,9396,002005002003005,侵害外观设计专利权纠纷
9402,9396,002005002003006,假冒他人专利纠纷
9403,9396,002005002003007,发明专利临时保护期使用费纠纷
9404,9396,002005002003008,职务发明创造发明人、设计人奖励、报酬纠纷
9405,9396,002005002003009,发明创造发明人、设计人署名权纠纷
9406,9363,002005002004,植物新品种权权属、侵权纠纷
9407,9406,002005002004001,植物新品种申请权权属纠纷
9408,9406,002005002004002,植物新品种权权属纠纷
9409,9406,002005002004003,侵害植物新品种权纠纷
9410,9363,002005002005,集成电路布图设计专有权权属、侵权纠纷
9411,9410,002005002005001,集成电路布图设计专有权权属纠纷
9412,9410,002005002005002,侵害集成电路布图设计专有权纠纷
9413,9363,002005002006,侵害企业名称（商号）权纠纷
9414,9363,002005002007,侵害特殊标志专有权纠纷
9415,9363,002005002008,网络域名权属、侵权纠纷
9416,9415,002005002008001,网络域名权属纠纷
9417,9415,002005002008002,侵害网络域名纠纷
9418,9363,002005002009,发现权纠纷
9419,9363,002005002010,发明权纠纷
9420,9363,002005002011,其他科技成果权纠纷
9421,9363,002005002012,确认不侵害知识产权纠纷
9422,9421,002005002012001,确认不侵害专利权纠纷
9423,9421,002005002012002,确认不侵害商标权纠纷
9424,9421,002005002012003,确认不侵害著作权纠纷
9425,9363,002005002013,因申请知识产权临时措施损害责任纠纷
9426,9425,002005002013001,因申请诉前停止侵害专利权损害责任纠纷
9427,9425,002005002013002,因申请诉前停止侵害注册商标专用权损害责任纠纷
9428,9425,002005002013003,因申请诉前停止侵害著作权损害责任纠纷
9429,9425,002005002013004,因申请诉前停止侵害植物新品种权损害责任纠纷
9430,9425,002005002013005,因申请海关知识产权保护措施损害责任纠纷
9431,9363,002005002014,因恶意提起知识产权诉讼损害责任纠纷
9432,9363,002005002015,专利权宣告无效后返还费用纠纷
9433,9299,002005003,不正当竞争纠纷
9434,9433,002005003001,仿冒纠纷
9435,9434,002005003001001,擅自使用知名商品特有名称、包装、装潢纠纷
9436,9434,002005003001002,擅自使用他人企业名称、姓名纠纷
9437,9434,002005003001003,伪造、冒用产品质量标志纠纷
9438,9434,002005003001004,伪造产地纠纷
9439,9433,002005003002,商业贿赂不正当竞争纠纷
9440,9433,002005003003,虚假宣传纠纷
9441,9433,002005003004,侵害商业秘密纠纷
9442,9441,002005003004001,侵害技术秘密纠纷
9443,9441,002005003004002,侵害经营秘密纠纷
9444,9433,002005003005,低价倾销不正当竞争纠纷
9445,9433,002005003006,捆绑销售不正当竞争纠纷
9446,9433,002005003007,有奖销售纠纷
9447,9433,002005003008,商业诋毁纠纷
9448,9433,002005003009,串通投标不正当竞争纠纷
9449,9299,002005004,垄断纠纷
9450,9449,002005004001,垄断协议纠纷
9451,9450,002005004001001,横向垄断协议纠纷
9452,9450,002005004001002,纵向垄断协议纠纷
9453,9449,002005004002,滥用市场支配地位纠纷
9454,9453,002005004002001,垄断定价纠纷
9455,9453,002005004002002,掠夺定价纠纷
9456,9453,002005004002003,拒绝交易纠纷
9457,9453,002005004002004,限定交易纠纷
9458,9453,002005004002005,捆绑交易纠纷
9459,9453,002005004002006,差别待遇纠纷
9460,9449,002005004003,经营者集中纠纷
9461,9000,002006,劳动争议、人事争议
9462,9461,002006001,劳动争议
9463,9462,002006001001,劳动合同纠纷
9464,9463,002006001001001,确认劳动关系纠纷
9465,9463,002006001001002,集体合同纠纷
9466,9463,002006001001003,劳务派遣合同纠纷
9467,9463,002006001001004,非全日制用工纠纷
9468,9463,002006001001005,追索劳动报酬纠纷
9469,9463,002006001001006,经济补偿金纠纷
9470,9463,002006001001007,竞业限制纠纷
9471,9462,002006001002,社会保险纠纷
9472,9471,002006001002001,养老保险待遇纠纷
9473,9471,002006001002002,工伤保险待遇纠纷
9474,9471,002006001002003,医疗保险待遇纠纷
9475,9471,002006001002004,生育保险待遇纠纷
9476,9471,002006001002005,失业保险待遇纠纷
9477,9462,002006001003,福利待遇纠纷
9478,9461,002006002,人事争议
9479,9478,002006002001,人事争议
9480,9479,002006002001001,辞职争议
9481,9479,002006002001002,辞退争议
9482,9479,002006002001003,聘用合同争议
9483,9000,002007,海事海商纠纷
9484,9483,002007001,海事海商纠纷
9485,9484,002007001001,船舶碰撞损害责任纠纷
9486,9484,002007001002,船舶触碰损害责任纠纷
9487,9484,002007001003,船舶损坏空中设施、水下设施损害责任纠纷
9488,9484,002007001004,船舶污染损害责任纠纷
9489,9484,002007001005,海上、通海水域污染损害责任纠纷
9490,9484,002007001006,海上、通海水域养殖损害责任纠纷
9491,9484,002007001007,海上、通海水域财产损害责任纠纷
9492,9484,002007001008,海上、通海水域人身损害责任纠纷
9493,9484,002007001009,非法留置船舶、船载货物、船用燃油、船用物料损害责任纠纷
9494,9484,002007001010,海上、通海水域货物运输合同纠纷
9495,9484,002007001011,海上、通海水域旅客运输合同纠纷
9496,9484,002007001012,海上、通海水域行李运输合同纠纷
9497,9484,002007001013,船舶经营管理合同纠纷
9498,9484,002007001014,船舶买卖合同纠纷
9499,9484,002007001015,船舶建造合同纠纷
9500,9484,002007001016,船舶修理合同纠纷
9501,9484,002007001017,船舶改建合同纠纷
9502,9484,002007001018,船舶拆解合同纠纷
9503,9484,002007001019,船舶抵押合同纠纷
9504,9484,002007001020,航次租船合同纠纷
9505,9484,002007001021,船舶租用合同纠纷
9506,9505,002007001021001,定期租船合同纠纷
9507,9505,002007001021002,光船租赁合同纠纷
9508,9484,002007001022,船舶融资租赁合同纠纷
9509,9484,002007001023,海上、通海水域运输船舶承包合同纠纷
9510,9484,002007001024,渔船承包合同纠纷
9511,9484,002007001025,船舶属具租赁合同纠纷
9512,9484,002007001026,船舶属具保管合同纠纷
9513,9484,002007001027,海运集装箱租赁合同纠纷
9514,9484,002007001028,海运集装箱保管合同纠纷
9515,9484,002007001029,港口货物保管合同纠纷
9516,9484,002007001030,船舶代理合同纠纷
9517,9484,002007001031,海上、通海水域货运代理合同纠纷
9518,9484,002007001032,理货合同纠纷
9519,9484,002007001033,船舶物料和备品供应合同纠纷
9520,9484,002007001034,船员劳务合同纠纷
9521,9484,002007001035,海难救助合同纠纷
9522,9484,002007001036,海上、通海水域打捞合同纠纷
9523,9484,002007001037,海上、通海水域拖航合同纠纷
9524,9484,002007001038,海上、通海水域保险合同纠纷
9525,9484,002007001039,海上、通海水域保赔合同纠纷
9526,9484,002007001040,海上、通海水域运输联营合同纠纷
9527,9484,002007001041,船舶营运借款合同纠纷
9528,9484,002007001042,海事担保合同纠纷
9529,9484,002007001043,航道、港口疏浚合同纠纷
9530,9484,002007001044,船坞、码头建造合同纠纷
9531,9484,002007001045,船舶检验合同纠纷
9532,9484,002007001046,海事请求担保纠纷
9533,9484,002007001047,海上、通海水域运输重大责任事故责任纠纷
9534,9484,002007001048,港口作业重大责任事故责任纠纷
9535,9484,002007001049,港口作业纠纷
9536,9484,002007001050,共同海损纠纷
9537,9484,002007001051,海洋开发利用纠纷
9538,9484,002007001052,船舶共有纠纷
9539,9484,002007001053,船舶权属纠纷
9540,9484,002007001054,海运欺诈纠纷
9541,9484,002007001055,海事债权确权纠纷
9542,9000,002008,与公司、证券、保险、票据等有关的民事纠纷
9543,9542,002008001,与企业有关的纠纷
9544,9543,002008001001,企业出资人权益确认纠纷
9545,9543,002008001002,侵害企业出资人权益纠纷
9546,9543,002008001003,企业公司制改造合同纠纷
9547,9543,002008001004,企业股份合作制改造合同纠纷
9548,9543,002008001005,企业债权转股权合同纠纷
9549,9543,002008001006,企业分立合同纠纷
9550,9543,002008001007,企业租赁经营合同纠纷
9551,9543,002008001008,企业出售合同纠纷
9552,9543,002008001009,挂靠经营合同纠纷
9553,9543,002008001010,企业兼并合同纠纷
9554,9543,002008001011,联营合同纠纷
9555,9543,002008001012,企业承包经营合同纠纷
9556,9555,002008001012001,中外合资经营企业承包经营合同纠纷
9557,9555,002008001012002,中外合作经营企业承包经营合同纠纷
9558,9555,002008001012003,外商独资企业承包经营合同纠纷
9559,9555,002008001012004,乡镇企业承包经营合同纠纷
9560,9543,002008001013,中外合资经营企业合同纠纷
9561,9543,002008001014,中外合作经营企业合同纠纷
9562,9542,002008002,与公司有关的纠纷
9563,9562,002008002001,股东资格确认纠纷
9564,9562,002008002002,股东名册记载纠纷
9565,9562,002008002003,请求变更公司登记纠纷
9566,9562,002008002004,股东出资纠纷
9567,9562,002008002005,新增资本认购纠纷
9568,9562,002008002006,股东知情权纠纷
9569,9562,002008002007,请求公司收购股份纠纷
9570,9562,002008002008,股权转让纠纷
9571,9562,002008002009,公司决议纠纷
9572,9571,002008002009001,公司决议效力确认纠纷
9573,9571,002008002009002,公司决议撤销纠纷
9574,9562,002008002010,公司设立纠纷
9575,9562,002008002011,公司证照返还纠纷
9576,9562,002008002012,发起人责任纠纷
9577,9562,002008002013,公司盈余分配纠纷
9578,9562,002008002014,损害股东利益责任纠纷
9579,9562,002008002015,损害公司利益责任纠纷
9580,9562,002008002016,股东损害公司债权人利益责任纠纷
9581,9562,002008002017,公司关联交易损害责任纠纷
9582,9562,002008002018,公司合并纠纷
9583,9562,002008002019,公司分立纠纷
9584,9562,002008002020,公司减资纠纷
9585,9562,002008002021,公司增资纠纷
9586,9562,002008002022,公司解散纠纷
9587,9562,002008002023,申请公司清算
9588,9562,002008002024,清算责任纠纷
9589,9562,002008002025,上市公司收购纠纷
9590,9542,002008003,合伙企业纠纷
9591,9590,002008003001,入伙纠纷
9592,9590,002008003002,退伙纠纷
9593,9590,002008003003,合伙企业财产份额转让纠纷
9594,9542,002008004,与破产有关的纠纷
9595,9594,002008004001,申请破产清算
9596,9594,002008004002,申请破产重整
9597,9594,002008004003,申请破产和解
9598,9594,002008004004,请求撤销个别清偿行为纠纷
9599,9594,002008004005,请求确认债务人行为无效纠纷
9600,9594,002008004006,对外追收债权纠纷
9601,9594,002008004007,追收未缴出资纠纷
9602,9594,002008004008,追收抽逃出资纠纷
9603,9594,002008004009,追收非正常收入纠纷
9604,9594,002008004010,破产债权确认纠纷
9605,9604,002008004010001,职工破产债权确认纠纷
9606,9604,002008004010002,普通破产债权确认纠纷
9607,9594,002008004011,取回权纠纷
9608,9607,002008004011001,一般取回权纠纷
9609,9607,002008004011002,出卖人取回权纠纷
9610,9594,002008004012,破产抵销权纠纷
9611,9594,002008004013,别除权纠纷
9612,9594,002008004014,破产撤销权纠纷
9613,9594,002008004015,损害债务人利益赔偿纠纷
9614,9594,002008004016,管理人责任纠纷
9615,9542,002008005,证券纠纷
9616,9615,002008005001,证券权利确认纠纷
9617,9616,002008005001001,股票权利确认纠纷
9618,9616,002008005001002,公司债券权利确认纠纷
9619,9616,002008005001003,国债权利确认纠纷
9620,9616,002008005001004,证券投资基金权利确认纠纷
9621,9615,002008005002,证券交易合同纠纷
9622,9621,002008005002001,股票交易纠纷
9623,9621,002008005002002,公司债券交易纠纷
9624,9621,002008005002003,国债交易纠纷
9625,9621,002008005002004,证券投资基金交易纠纷
9626,9615,002008005003,金融衍生品种交易纠纷
9627,9615,002008005004,证券承销合同纠纷
9628,9627,002008005004001,证券代销合同纠纷
9629,9627,002008005004002,证券包销合同纠纷
9630,9615,002008005005,证券投资咨询纠纷
9631,9615,002008005006,证券资信评级服务合同纠纷
9632,9615,002008005007,证券回购合同纠纷
9633,9632,002008005007001,股票回购合同纠纷
9634,9632,002008005007002,国债回购合同纠纷
9635,9632,002008005007003,公司债券回购合同纠纷
9636,9632,002008005007004,证券投资基金回购合同纠纷
9637,9632,002008005007005,质押式证券回购纠纷
9638,9615,002008005008,证券上市合同纠纷
9639,9615,002008005009,证券交易代理合同纠纷
9640,9615,002008005010,证券上市保荐合同纠纷
9641,9615,002008005011,证券发行纠纷
9642,9641,002008005011001,证券认购纠纷
9643,9641,002008005011002,证券发行失败纠纷
9644,9615,002008005012,证券返还纠纷
9645,9615,002008005013,证券欺诈责任纠纷
9646,9645,002008005013001,证券内幕交易责任纠纷
9647,9645,002008005013002,操纵证券交易市场责任纠纷
9648,9645,002008005013003,证券虚假陈述责任纠纷
9649,9645,002008005013004,欺诈客户责任纠纷
9650,9615,002008005014,证券托管纠纷
9651,9615,002008005015,证券登记、存管、结算纠纷
9652,9615,002008005016,融资融券交易纠纷
9653,9615,002008005017,客户交易结算资金纠纷
9654,9542,002008006,期货交易纠纷
9655,9654,002008006001,期货经纪合同纠纷
9656,9654,002008006002,期货透支交易纠纷
9657,9654,002008006003,期货强行平仓纠纷
9658,9654,002008006004,期货实物交割纠纷
9659,9654,002008006005,期货保证合约纠纷
9660,9654,002008006006,期货交易代理合同纠纷
9661,9654,002008006007,侵占期货交易保证金纠纷
9662,9654,002008006008,期货欺诈责任纠纷
9663,9654,002008006009,操纵期货交易市场责任纠纷
9664,9654,002008006010,期货内幕交易责任纠纷
9665,9654,002008006011,期货虚假信息责任纠纷
9666,9542,002008007,信托纠纷
9667,9666,002008007001,民事信托纠纷
9668,9666,002008007002,营业信托纠纷
9669,9666,002008007003,公益信托纠纷
9670,9542,002008008,保险纠纷
9671,9670,002008008001,财产保险合同纠纷
9672,9671,002008008001001,财产损失保险合同纠纷
9673,9671,002008008001002,责任保险合同纠纷
9674,9671,002008008001003,信用保险合同纠纷
9675,9671,002008008001004,保证保险合同纠纷
9676,9671,002008008001005,保险人代位求偿权纠纷
9677,9670,002008008002,人身保险合同纠纷
9678,9677,002008008002001,人寿保险合同纠纷
9679,9677,002008008002002,意外伤害保险合同纠纷
9680,9677,002008008002003,健康保险合同纠纷
9681,9670,002008008003,再保险合同纠纷
9682,9670,002008008004,保险经纪合同纠纷
9683,9670,002008008005,保险代理合同纠纷
9684,9670,002008008006,进出口信用保险合同纠纷
9685,9670,002008008007,保险费纠纷
9686,9542,002008009,票据纠纷
9687,9686,002008009001,票据付款请求权纠纷
9688,9686,002008009002,票据追索权纠纷
9689,9686,002008009003,票据交付请求权纠纷
9690,9686,002008009004,票据返还请求权纠纷
9691,9686,002008009005,票据损害责任纠纷
9692,9686,002008009006,票据利益返还请求权纠纷
9693,9686,002008009007,汇票回单签发请求权纠纷
9694,9686,002008009008,票据保证纠纷
9695,9686,002008009009,确认票据无效纠纷
9696,9686,002008009010,票据代理纠纷
9697,9686,002008009011,票据回购纠纷
9698,9542,002008010,信用证纠纷
9699,9698,002008010001,委托开立信用证纠纷
9700,9698,002008010002,信用证开证纠纷
9701,9698,002008010003,信用证议付纠纷
9702,9698,002008010004,信用证欺诈纠纷
9703,9698,002008010005,信用证融资纠纷
9704,9698,002008010006,信用证转让纠纷
9705,9000,002009,侵权责任纠纷
9706,9705,002009001,侵权责任纠纷
9707,9706,002009001001,监护人责任纠纷
9708,9706,002009001002,用人单位责任纠纷
9709,9706,002009001003,劳务派遣工作人员侵权责任纠纷
9710,9706,002009001004,提供劳务者致害责任纠纷
9711,9706,002009001005,提供劳务者受害责任纠纷
9712,9706,002009001006,网络侵权责任纠纷
9713,9706,002009001007,违反安全保障义务责任纠纷
9714,9713,002009001007001,公共场所管理人责任纠纷
9715,9713,002009001007002,群众性活动组织者责任纠纷
9716,9706,002009001008,教育机构责任纠纷
9717,9706,002009001009,产品责任纠纷
9718,9717,002009001009001,产品生产者责任纠纷
9719,9717,002009001009002,产品销售者责任纠纷
9720,9717,002009001009003,产品运输者责任纠纷
9721,9717,002009001009004,产品仓储者责任纠纷
9722,9706,002009001010,机动车交通事故责任纠纷
9723,9706,002009001011,医疗损害责任纠纷
9724,9723,002009001011001,侵害患者知情同意权责任纠纷
9725,9723,002009001011002,医疗产品责任纠纷
9726,9706,002009001012,环境污染责任纠纷
9727,9726,002009001012001,大气污染责任纠纷
9728,9726,002009001012002,水污染责任纠纷
9729,9726,002009001012003,噪声污染责任纠纷
9730,9726,002009001012004,放射性污染责任纠纷
9731,9726,002009001012005,土壤污染责任纠纷
9732,9726,002009001012006,电子废物污染责任纠纷
9733,9726,002009001012007,固体废物污染责任纠纷
9734,9706,002009001013,高度危险责任纠纷
9735,9734,002009001013001,民用核设施损害责任纠纷
9736,9734,002009001013002,民用航空器损害责任纠纷
9737,9734,002009001013003,占有、使用高度危险物损害责任纠纷
9738,9734,002009001013004,高度危险活动损害责任纠纷
9739,9734,002009001013005,遗失、抛弃高度危险物损害责任纠纷
9740,9734,002009001013006,非法占有高度危险物损害责任纠纷
9741,9706,002009001014,饲养动物损害责任纠纷
9742,9706,002009001015,物件损害责任纠纷
9743,9742,002009001015001,物件脱落、坠落损害责任纠纷
9744,9742,002009001015002,建筑物、构筑物倒塌损害责任纠纷
9745,9742,002009001015003,不明抛掷物、坠落物损害责任纠纷
9746,9742,002009001015004,堆放物倒塌致害责任纠纷
9747,9742,002009001015005,公共道路妨碍通行损害责任纠纷
9748,9742,002009001015006,林木折断损害责任纠纷
9749,9742,002009001015007,地面施工、地下设施损害责任纠纷
9750,9706,002009001016,触电人身损害责任纠纷
9751,9706,002009001017,义务帮工人受害责任纠纷
9752,9706,002009001018,见义勇为人受害责任纠纷
9753,9706,002009001019,公证损害责任纠纷
9754,9706,002009001020,防卫过当损害责任纠纷
9755,9706,002009001021,紧急避险损害责任纠纷
9756,9706,002009001022,驻香港、澳门特别行政区军人执行职务侵权责任纠纷
9757,9706,002009001023,铁路运输损害责任纠纷
9758,9757,002009001023001,铁路运输人身损害责任纠纷
9759,9757,002009001023002,铁路运输财产损害责任纠纷
9760,9706,002009001024,水上运输损害责任纠纷
9761,9760,002009001024001,水上运输人身损害责任纠纷
9762,9760,002009001024002,水上运输财产损害责任纠纷
9763,9706,002009001025,航空运输损害责任纠纷
9764,9763,002009001025001,航空运输人身损害责任纠纷
9765,9763,002009001025002,航空运输财产损害责任纠纷
9766,9706,002009001026,因申请诉前财产保全损害责任纠纷
9767,9706,002009001027,因申请诉前证据保全损害责任纠纷
9768,9706,002009001028,因申请诉中财产保全损害责任纠纷
9769,9706,002009001029,因申请诉中证据保全损害责任纠纷
9770,9706,002009001030,因申请先予执行损害责任纠纷
9771,9000,002010,适用特殊程序案件案由
9772,9771,002010001,选民资格案件
9773,9772,002010001001,申请确定选民资格
9774,9771,002010002,宣告失踪、宣告死亡案件
9775,9774,002010002001,申请宣告公民失踪
9776,9774,002010002002,申请撤销宣告失踪
9777,9774,002010002003,申请为失踪人财产指定、变更代管人
9778,9774,002010002004,失踪人债务支付纠纷
9779,9774,002010002005,申请宣告公民死亡
9780,9774,002010002006,申请撤销宣告公民死亡
9781,9774,002010002007,被撤销死亡宣告人请求返还财产纠纷
9782,9771,002010003,认定公民无民事行为能力、限制民事行为能力案件
9783,9782,002010003001,申请宣告公民无民事行为能力
9784,9782,002010003002,申请宣告公民限制民事行为能力
9785,9782,002010003003,申请宣告公民恢复限制民事行为能力
9786,9782,002010003004,申请宣告公民恢复完全民事行为能力
9787,9771,002010004,认定财产无主案件
9788,9787,002010004001,申请认定财产无主
9789,9787,002010004002,申请撤销认定财产无主
9790,9771,002010005,监护权特别程序案件
9791,9790,002010005001,申请确定监护人
9792,9790,002010005002,申请变更监护人
9793,9790,002010005003,申请撤销监护人资格
9794,9771,002010006,督促程序案件
9795,9794,002010006001,申请支付令
9847,9794,002010006002,撤销支付令
9796,9771,002010007,公示催告程序案件
9797,9796,002010007001,申请公示催告
9798,9771,002010008,申请诉前停止侵害知识产权案件
9799,9798,002010008001,申请诉前停止侵害专利权
9800,9798,002010008002,申请诉前停止侵害注册商标专用权
9801,9798,002010008003,申请诉前停止侵害著作权
9802,9798,002010008004,申请诉前停止侵害植物新品种权
9803,9771,002010009,申请保全案件
9804,9803,002010009001,申请诉前财产保全
9805,9803,002010009002,申请诉中财产保全
9806,9803,002010009003,申请诉前证据保全
9807,9803,002010009004,申请诉中证据保全
9808,9803,002010009005,仲裁程序中的财产保全
9809,9803,002010009006,仲裁程序中的证据保全
9810,9803,002010009007,申请中止支付信用证项下款项
9811,9803,002010009008,申请中止支付保函项下款项
9812,9771,002010010,仲裁程序案件
9813,9812,002010010001,申请确认仲裁协议效力
9814,9812,002010010002,申请撤销仲裁裁决
9815,9771,002010011,海事诉讼特别程序案件
9816,9815,002010011001,申请海事请求保全
9817,9816,002010011001001,申请扣押船舶
9818,9816,002010011001002,申请拍卖扣押船舶
9819,9816,002010011001003,申请扣押船载货物
9820,9816,002010011001004,申请拍卖扣押船载货物
9821,9816,002010011001005,申请扣押船用燃油及船用物料
9822,9816,002010011001006,申请拍卖扣押船用燃油及船用物料
9823,9815,002010011002,申请海事支付令
9824,9815,002010011003,申请海事强制令
9825,9815,002010011004,申请海事证据保全
9826,9815,002010011005,申请设立海事赔偿责任限制基金
9827,9815,002010011006,申请船舶优先权催告
9828,9815,002010011007,申请海事债权登记与受偿
9294,9771,002010012,请求确认人民调解协议效力
9845,9294,002010012001,申请确认人民调解协议效力
9846,9294,002010012002,申请撤销调解确认决定
9860,9771,002010013,申请实现担保物权案件
9841,9771,002010014,执行异议之诉
9842,9841,002010014001,案外人执行异议之诉
9843,9841,002010014002,申请执行人执行异议之诉
9844,9841,002010014003,执行分配方案异议之诉
9829,9771,002010015,申请承认与执行法院判决、仲裁裁决案件
9830,9829,002010015001,申请执行海事仲裁裁决
9831,9829,002010015002,申请执行知识产权仲裁裁决
9832,9829,002010015003,申请执行涉外仲裁裁决
9833,9829,002010015004,申请认可和执行香港特别行政区法院民事判决
9834,9829,002010015005,申请认可和执行香港特别行政区仲裁裁决
9835,9829,002010015006,申请认可和执行澳门特别行政区法院民事判决
9836,9829,002010015007,申请认可和执行澳门特别行政区仲裁裁决
9837,9829,002010015008,申请认可和执行台湾地区法院民事判决
9838,9829,002010015009,申请认可和执行台湾地区仲裁裁决
9839,9829,002010015010,申请承认和执行外国法院民事判决、裁定
9840,9829,002010015011,申请承认和执行外国仲裁裁决
9851,9771,002010016,协助送达司法文书和调查取证
9852,9851,002010016001,协助香港特别行政区送达司法文书
9853,9851,002010016002,协助香港特别行政区调查取证
9854,9851,002010016003,协助澳门特别行政区送达司法文书
9855,9851,002010016004,协助澳门特别行政区调查取证
9856,9851,002010016005,协助台湾地区送达司法文书
9857,9851,002010016006,协助台湾地区调查取证
9858,9851,002010016007,协助外国送达司法文书
9859,9851,002010016008,协助外国调查取证
2100,0,004,国家赔偿案由(2011版)
2101,2100,004001,刑事赔偿
2102,2101,004001001,违法刑事拘留赔偿
2103,2101,004001002,超期刑事拘留赔偿
2104,2101,004001003,无罪逮捕赔偿
2105,2101,004001004,二审无罪赔偿
2106,2101,004001005,重审无罪赔偿
2107,2101,004001006,再审无罪赔偿
2108,2101,004001007,刑讯逼供致伤、致死赔偿
2109,2101,004001008,殴打、虐待致伤、致死赔偿
2110,2101,004001009,违法使用武器、警械致伤、致死赔偿
2111,2101,004001010,刑事违法查封、扣押、冻结、追缴赔偿
2112,2101,004001011,错判罚金、没收财产赔偿
2113,2100,004002,非刑事赔偿
2114,2113,004002001,违法司法罚款赔偿
2115,2113,004002002,违法司法拘留赔偿
2116,2113,004002003,违法保全赔偿
2117,2113,004002004,错误执行赔偿
0100,0100,0100,公安行政管理
0101,0101,0101,治安管理（治安）
0102,0102,0102,消防管理（消防）
0103,0103,0103,道路交通管理（道路）
0190,0190,0190,其他（公安）
0200,0200,0200,资源行政管理
0201,0201,0201,土地行政管理（土地）
0202,0202,0202,林业行政管理（林业）
0203,0203,0203,草原行政管理（草原）
0204,0204,0204,地质矿产行政管理（地矿）
0205,0205,0205,能源行政管理（能源管理）
0290,0290,0290,其他（资源）
0300,0300,0300,城乡建设行政管理
0301,0301,0301,城市规划管理（规划）
0302,0302,0302,房屋拆迁管理（拆迁）
0303,0303,0303,房屋登记管理（房屋登记）
0390,0390,0390,其他（城建）
0400,0400,0400,计划生育行政管理（计划生育）
0500,0500,0500,工商行政管理（工商）
0600,0600,0600,商标行政管理（商标）
0700,0700,0700,质量监督检验检疫行政管理
0701,0701,0701,质量监督行政管理（质量监督）
0702,0702,0702,质量检验行政管理（质量检验）
0703,0703,0703,检疫行政管理（检疫）
0790,0790,0790,其他（质量监督）
0800,0800,0800,卫生行政管理（卫生）
0900,0900,0900,食品药品安全行政管理（食品、药品）
1000,1000,1000,农业行政管理（农业）
1001,1001,1001,渔业行政管理（渔业）
1002,1002,1002,畜牧行政管理（畜牧）
1090,1090,1090,其他（农业）
1100,1100,1100,物价行政管理（物价）
1200,1200,1200,环境保护行政管理（环保）
1300,1300,1300,交通运输行政管理（交通）
1301,1301,1301,公路交通行政管理（公路）
1302,1302,1302,铁路行政管理（铁路）
1303,1303,1303,航空行政管理（航空）
1390,1390,1390,其他（交通）
1400,1400,1400,信息电讯行政管理（信息、电讯）
1500,1500,1500,邮政行政管理（邮政）
1600,1600,1600,专利行政管理（专利）
1700,1700,1700,新闻出版行政管理（新闻、出版）
1800,1800,1800,税务行政管理（税务）
1900,1900,1900,金融行政管理（金融）
2000,2000,2000,外汇行政管理（外汇）
2100,2100,2100,海关行政管理（海关）
2200,2200,2200,财政行政管理（财政）
2300,2300,2300,劳动和社会保障行政管理（劳动、社会保障）
2400,2400,2400,审计行政管理（审计）
2500,2500,2500,经贸行政管理（内贸、外贸）
2600,2600,2600,水利行政管理（水利）
2700,2700,2700,旅游行政管理（旅游）
2800,2800,2800,烟草专卖行政管理（烟草专卖）
2900,2900,2900,司法行政管理（司法行政）
3000,3000,3000,民政行政管理（民政）
3100,3100,3100,教育行政管理（教育）
3200,3200,3200,文化行政管理（文化）
3300,3300,3300,广播电视电影行政管理（广电）
3400,3400,3400,统计行政管理（统计）
3500,3500,3500,电力行政管理（电力）
3600,3600,3600,国有资产行政管理（国资）
3700,3700,3700,外资行政管理（外资管理）
3800,3800,3800,盐业行政管理（盐业）
3900,3900,3900,体育行政管理（体育）
4000,4000,4000,行政监察（监察）
4100,4100,4100,乡政府
9000,9000,9000,其他行政管理
1,1,1,行政处罚
2,2,2,行政强制
3,3,3,行政裁决
4,4,4,行政确认
5,5,5,行政登记
6,6,6,行政许可
7,7,7,行政批准
8,8,8,行政命令
9,9,9,行政复议
10,10,10,行政撤销
11,11,11,行政检查
12,12,12,行政合同
13,13,13,行政奖励
14,14,14,行政补偿
15,15,15,行政执行
16,16,16,行政受理
17,17,17,行政给付
18,18,18,行政征用
19,19,19,行政征购
20,20,20,行政征收
21,21,21,行政划拔
22,22,22,行政规划
23,23,23,行政救助
24,24,24,行政协助
25,25,25,行政允诺
26,26,26,行政监督
255,255,255,其他行政行为